A;RTSALEDATA;058;20130429 01:16;VALNET;
B;058;526334;1;20130429 01:16;;;2397;BETHUNGRA RD;NANGUS;2722;1869;H;20120901;20121101;4476000;RU1;3;FARM;;RGZ;;0;AH479690;
C;058;526334;1;20130429 01:16;1, 2, 3, 4, 5, 6, 7, 8, 9, 10, 11, 12, 13, 14/134899 1/206571 2/403828;
C;058;526334;1;20130429 01:16; 7/403829 2, 3, 4, 6, 11, 26, 27, 50, 53, 76, 84, 109, 110, 111, 112, ;
C;058;526334;1;20130429 01:16;118, 119, 121, 129, 140, 145, 146, 147, 148, 149, 150, 161, 162, 179, ;
C;058;526334;1;20130429 01:16;180, 188, 191, 192, 198, 212, 213, 214, 216/751403 147, 189, 210, 211,;
C;058;526334;1;20130429 01:16; 218, 219, 220, 221, 248, 250, 251, 252, 257, 262/751420;
D;058;526334;1;20130429 01:16;P;;;;;;
D;058;526334;1;20130429 01:16;P;;;;;;
D;058;526334;1;20130429 01:16;V;;;;;;
D;058;526334;1;20130429 01:16;V;;;;;;
D;058;526334;1;20130429 01:16;V;;;;;;
D;058;526334;1;20130429 01:16;V;;;;;;
Z;14;1;5;6;
