A;254;20101004 06:58;VALNET;
B;254;3407390;1;20101004 06:58;WYAMBA;;12064;MITCHELL HWY;NEVERTIRE;2831;491.74;H;20100827;20100913;303780;R;3;FARM;;ME;;0;AF771121;
C;254;3407390;1;20101004 06:58;1/599936 25/654170 36/755288;
D;254;3407390;1;20101004 06:58;P;;;;;;
D;254;3407390;1;20101004 06:58;P;;;;;;
D;254;3407390;1;20101004 06:58;V;;;;;;
D;254;3407390;1;20101004 06:58;V;;;;;;
B;254;2683169;2;20101004 06:58;PARK;;4712;CANONBA RD;WARREN;2824;19761;H;20100719;20100813;7243040;R;3;FARM;;GE;;0;AF728953;
C;254;2683169;2;20101004 06:58;1, 2/177775 4, 7, 8, 9/178720 1/651065 3, 70, 71, 72, 73, 74, 75, 76, ;
C;254;2683169;2;20101004 06:58;77, 78, 79, 83/753432 2, 3, 4, 5, 6, 7, 8, 9, 10, 23, 24, 25, 30/75343;
C;254;2683169;2;20101004 06:58;8 1, 3, 11, 12, 13, 14, 15, 16, 28, 29, 32, 33, 34, 37, 39, 40, 41, 45;
C;254;2683169;2;20101004 06:58;, 46, 48, 60, 61, 62, 63, 64, 65, 66, 67, 110/753475 5, 6, 7, 8, 9, 10;
C;254;2683169;2;20101004 06:58;, 11, 12, 13, 14, 15, 16, 17, 18, 50, 53, 54, 55, 56, 57, 62/753482 1,;
C;254;2683169;2;20101004 06:58; 2, 3, 4, 5, 6, 7, 8, 9, 10, 11, 12, 13, 14, 15, 16, 17, 18, 19, 20, 2;
C;254;2683169;2;20101004 06:58;1, 22, 23, 26, 28, 29, 34, 38, 40, 43, 44, 45, 46, 47, 48, 49, 50, 51,;
C;254;2683169;2;20101004 06:58; 52, 53, 54, 55, 56, 57, 58, 59, 60, 61, 63, 64, 65, 66, 67, 68, 75, 7;
C;254;2683169;2;20101004 06:58;7, 79, 84, 85, 86, 87, 88, 90, 91, 92, 94, 95, 98, 99, 100, 101, 102, ;
C;254;2683169;2;20101004 06:58;103, 104/753490 7001/1020573 7002/1020580 1/1107214 1, 2/1107226 1, 2/;
C;254;2683169;2;20101004 06:58;1107227 1, 2/1107287 1, 2, 3, 4/1107311 Licence 320069;
D;254;2683169;2;20101004 06:58;P;;;;;;
D;254;2683169;2;20101004 06:58;V;;;;;;
B;254;2683567;3;20101004 06:58;;;9;WARREN ST;NEVERTIRE;2831;2023;M;20100618;20100730;5500;Z;V;VACANT LAND;;ZB;;0;AF765753;
C;254;2683567;3;20101004 06:58;10, 11/6/758766;
D;254;2683567;3;20101004 06:58;P;;;;;;
D;254;2683567;3;20101004 06:58;V;;;;;;
Z;26;3;13;8;
