A;254;20100913 02:15;VALNET;
B;254;2683168;1;20100913 02:15;BUTTABONE STATION;;4604;CARINDA RD;MOUNT HARRIS;2824;8907;H;20100719;20100813;10677400;R;3;FARM;;WW;;0;AF728932;
C;254;2683168;1;20100913 02:15;1, 2, 3, 4, 5/132822 2, 6, 7, 8, 9, 10, 11, 12, 13, 14, 15, 16, 17, 18;
C;254;2683168;1;20100913 02:15;, 19, 20, 21, 22, 23, 24, 25, 26, 27, 28, 29, 30, 31, 32, 33, 34, 35, ;
C;254;2683168;1;20100913 02:15;36, 37, 38, 39, 40, 41, 42, 46, 47, 48, 49, 50, 51, 52, 53, 54, 55, 56;
C;254;2683168;1;20100913 02:15;, 57, 58, 59, 60, 61, 62, 63, 64, 65, 66, 67, 68, 69, 80, 81, 82, 84, ;
C;254;2683168;1;20100913 02:15;85, 86, 87, 88, 89, 90, 91, 92, 93, 94, 96, 97, 98, 100, 101, 102, 103;
C;254;2683168;1;20100913 02:15;, 111, 112, 113, 114, 115/753432 1, 3, 4, 36, 37, 38, 39, 42, 43, 44, ;
C;254;2683168;1;20100913 02:15;45, 46, 47, 48, 49, 50, 51, 54, 55, 56, 57/753476 4, 5/1119438;
D;254;2683168;1;20100913 02:15;P;;;;;;
D;254;2683168;1;20100913 02:15;V;;;;;;
B;254;2684520;2;20100913 02:15;;;9;LAWSON ST;WARREN;2824;951;M;20100714;20100813;15500;Z;V;VACANT LAND;;AE;;0;AF710362;
C;254;2684520;2;20100913 02:15;132/603964;
D;254;2684520;2;20100913 02:15;P;;;;;;
D;254;2684520;2;20100913 02:15;P;;;;;;
D;254;2684520;2;20100913 02:15;V;;;;;;
Z;17;2;8;5;
