A;230;20071016 01:26;VALNET;
B;230;2605444;1;20071016 01:26;;;;PH BUDGERIE;BALRANALD;2715;27478;H;20070122;20070330;7600000;R;3;FARM/RURAL;;RG;;0;AD206070;
C;230;2605444;1;20071016 01:26;2, 4/607493 13/751178 1, 2, 3, 4, 5, 6, 7, 8, 9, 10, 11, 12, 13, 14, 1;
C;230;2605444;1;20071016 01:26;5, 16, 17, 18, 19, 20, 21, 22, 23, 24, 25, 26, 27, 28, 29, 30, 31, 32,;
C;230;2605444;1;20071016 01:26; 33, 34, 35, 36/751192 1, 2, 3, 4, 5, 6, 7, 8, 9, 10, 11, 12, 13, 14, ;
C;230;2605444;1;20071016 01:26;15, 16, 17, 18, 19, 20, 21, 22, 23, 24, 25, 26/751221 3, 4, 5, 6, 7, 8;
C;230;2605444;1;20071016 01:26;, 9, 10, 11, 12, 13, 14, 15, 16, 17, 18, 19, 20, 21, 22, 23, 24, 25, 2;
C;230;2605444;1;20071016 01:26;6, 27, 28, 29, 30, 33, 34, 35, 36, 37, 38, 39, 40, 41, 42, 43, 52/7512;
C;230;2605444;1;20071016 01:26;33 1, 2, 3, 4, 5, 6, 7, 8, 9, 10, 11, 12, 13, 14, 15, 16, 17, 18, 19, ;
C;230;2605444;1;20071016 01:26;20, 21, 22, 23, 24, 25, 26, 27, 28, 29, 30, 31, 32, 33, 37, 38, 39, 40;
C;230;2605444;1;20071016 01:26;, 41, 42, 43, 44, 45, 46, 47, 48, 49, 50, 51, 52, 53, 54, 55, 56, 57, ;
C;230;2605444;1;20071016 01:26;58, 59, 60, 61, 62, 63, 64, 65, 66, 67, 68, 69, 70, 71, 72, 73, 74, 75;
C;230;2605444;1;20071016 01:26;, 76, 77, 78, 79, 80, 81, 82, 83, 84, 85, 86, 87, 88, 89/751235;
D;230;2605444;1;20071016 01:26;P;;;;;;
D;230;2605444;1;20071016 01:26;V;;;;;;
B;230;2605112;2;20071016 01:26;;;165;MARKET ST;BALRANALD;2715;3932;M;20070827;20070926;73000;Z;V;VACANT LAND;;ZB;;0;AD469843;
C;230;2605112;2;20071016 01:26;27, 28/820472;
D;230;2605112;2;20071016 01:26;P;;;;;;
D;230;2605112;2;20071016 01:26;P;;;;;;
D;230;2605112;2;20071016 01:26;V;;;;;;
D;230;2605112;2;20071016 01:26;V;;;;;;
B;230;3046770;3;20071016 01:26;;;;MORGAN RD;EUSTON;2737;1.619;H;20070815;20070918;65000;R;V;VACANT LAND;;RX;;0;AD464543;
C;230;3046770;3;20071016 01:26;4/1060404;
D;230;3046770;3;20071016 01:26;P;;;;;;
D;230;3046770;3;20071016 01:26;P;;;;;;
D;230;3046770;3;20071016 01:26;V;;;;;;
B;230;3342668;4;20071016 01:26;;;;STURT HWY;EUSTON;2737;7019;M;20070717;20070820;7000;;V;VACANT LAND;;;;0;AD406699;
C;230;3342668;4;20071016 01:26;1/1093783;
D;230;3342668;4;20071016 01:26;P;;;;;;
D;230;3342668;4;20071016 01:26;P;;;;;;
D;230;3342668;4;20071016 01:26;V;;;;;;
Z;32;4;14;12;
