A;RTSALEDATA;053;20150302 01:13;VALNET;
B;053;3828115;1;20150302 01:13;;;;PALAZZIS RD;LOGIE BRAE;2713;7.813;H;20140105;20140226;7156;;3;CLOSED ROAD;;;;0;AJ251550;
C;053;3828115;1;20150302 01:13;1/1199230;
D;053;3828115;1;20150302 01:13;P;;;;;;
D;053;3828115;1;20150302 01:13;V;;;;;;
B;053;3828121;2;20150302 01:13;;;;OLD MORAGO RD;MORAGO;2710;256.3;H;20141208;20150130;300000;;3;FARM;;;;0;AJ265012;
C;053;3828121;2;20150302 01:13;102/1174465;
D;053;3828121;2;20150302 01:13;P;;;;;;
D;053;3828121;2;20150302 01:13;V;;;;;;
D;053;3828121;2;20150302 01:13;V;;;;;;
D;053;3828121;2;20150302 01:13;V;;;;;;
B;053;3828107;3;20150302 01:13;;;;WANGANELLA-MOULAMEIN RD;WANGANELLA;2710;5769.07;H;20140814;20141031;2000000;;3;FARM;;;;0;AJ179882;
C;053;3828107;3;20150302 01:13;4, 5/43650 1, 2, 3, 4/43652 1, 2, 3, 4, 5, 6/133865 1, 2, 3/134208 11,;
C;053;3828107;3;20150302 01:13; 12, 13, 14, 25, 26, 28, 31, 32, 33, 34, 35, 36, 38, 39, 40, 43, 44, 4;
C;053;3828107;3;20150302 01:13;5, 46, 47, 48, 54, 55, 63, 64, 65, 66, 67, 68, 69, 70, 71, 72, 73, 76,;
C;053;3828107;3;20150302 01:13; 77/756517;
D;053;3828107;3;20150302 01:13;P;;;;;;
D;053;3828107;3;20150302 01:13;P;;;;;;
D;053;3828107;3;20150302 01:13;V;;;;;;
B;053;3828108;4;20150302 01:13;;;1157;WANGANELLA-MOULAMEIN RD;WANGANELLA;2710;23824.36;H;20140814;20141031;10100000;;3;FARM;;;;0;AJ179883;
C;053;3828108;4;20150302 01:13;1, 2, 3, 4/43647 1, 2, 3, 4/43648 1, 2, 3, 4, 5, 6/43649 1, 2, 3/43650;
C;053;3828108;4;20150302 01:13; 1, 2, 3, 4/43651 1, 2, 3, 4, 5, 6, 7/43653 1, 2, 3, 4, 5, 6, 7, 8, 9,;
C;053;3828108;4;20150302 01:13; 10, 11/43654 1, 2, 3/43655 1, 2/43656 1/43657 7/133865 1, 2, 3, 4, 5,;
C;053;3828108;4;20150302 01:13; 6/133867 4, 5, 6, 7/134208 30, 70, 71, 72, 73, 74, 75/756249 PT 1, PT;
C;053;3828108;4;20150302 01:13; 2, PT 3, PT 4, PT 5, PT 6, 7, PT 8, 9, 10, 11, 12, 13, 14, 15, 16, 17;
C;053;3828108;4;20150302 01:13;, 18, 19, 20, 22, 23, 24, 25, 26, 27, 28, 29, 30, 31, 34, 35, 37, 38, ;
C;053;3828108;4;20150302 01:13;39, 40, 41, 42, 43, 44, 45, 46, 47, 48, 49, 50, 51, 52, 53, 54, 55, 56;
C;053;3828108;4;20150302 01:13;, 57, 58, 59, 60, 61, 62, 63, 64, 65/756263 1, 2, 3, 4, 5, 6, 7, 8, 9,;
C;053;3828108;4;20150302 01:13; 10, 11, 12, 13, 14, 15, 16, 17, 18, 19, 20, 21, 22, 23, 24, 25, 27, 2;
C;053;3828108;4;20150302 01:13;8, 29, 30, 31, 32, 33, 34, 35, 36, 37, 38, 39, 40, 41, 42, 43, 44, 45,;
C;053;3828108;4;20150302 01:13; 46, 47, 54, 55, 56, 57, 58, 60, 61, 62, 63, 64, 65, 66, 67, 68, 69, 7;
C;053;3828108;4;20150302 01:13;0/756264 26, 27, 40, 70, 71, 72/756314 8, 9, 10, 15, 16, 17, 18, 19, 2;
C;053;3828108;4;20150302 01:13;0, 21, 22, 23, 24, 29, 30, 49, 50, 51, 52/756517 26, 27, 28, 29, 30, 3;
C;053;3828108;4;20150302 01:13;1, 34, 35, 40, 41, 42, 43, 44, 45, 46, 47, 48, 49, 50, 51, 52, 53, 54,;
C;053;3828108;4;20150302 01:13; 55, 56, 57, 58/756537;
D;053;3828108;4;20150302 01:13;P;;;;;;
D;053;3828108;4;20150302 01:13;V;;;;;;
Z;38;4;21;11;
