A;RTSALEDATA;254;20171002 01:09;VALNET;
B;254;2917813;1;20171002 01:09;EMBY WEST;;477;EMBY WEST RD;MARTHAGUY;2824;18736;H;20161212;20170123;388611259;RU1;3;FARM;;RGE;;0;AM433316;
C;254;2917813;1;20171002 01:09;1, 2, 3, 4/132779 20, 21/132780 10, 11/132808 1/328097 58, 59/727183 2;
C;254;2917813;1;20171002 01:09;, 3, 4, 5, 6, 7, 8, 9, 10, 11, 16, 17, 18, 19, 20, 21, 22, 23, 24, 25,;
C;254;2917813;1;20171002 01:09; 26, 27, 28, 29, 30, 31, 32, 33, 34/753458 1, 3, 4, 5, 6, 7, 8, 9, 10,;
C;254;2917813;1;20171002 01:09; 11, 12, 13, 14, 15, 16, 17, 18, 19, 20, 21, 22, 23, 24, 25, 26, 27, 2;
C;254;2917813;1;20171002 01:09;8, 29, 30, 31, 32, 33, 34, 35, 36, 37, 38, 39, 40, 42, 43, 44, 45, 46/;
C;254;2917813;1;20171002 01:09;753468 2, 10, 13, 14, 15, 16, 17, 18, 19, 20, 21, 22, 26, 40, 42, 43, ;
C;254;2917813;1;20171002 01:09;44, 46, 47, 48, 49, 52, 53, 54, 55, 57/753472 1/781854 1/781859 512/80;
C;254;2917813;1;20171002 01:09;8699 Enclosure Permit 59078;
D;254;2917813;1;20171002 01:09;P;;;;;;
D;254;2917813;1;20171002 01:09;V;;;;;;
B;254;2683095;2;20171002 01:09;OLD OXLEY STATION;;;GIBSON WAY;OXLEY;2824;35228.19;H;20161212;20170123;388611259;RU1;3;FARM;;RGE;;0;AM433316;
C;254;2683095;2;20171002 01:09;A, B, C, D, E/22636 35/41687 1, 2/187652 1, 2, 3, 4, 5, 6/247511 2/657;
C;254;2683095;2;20171002 01:09;826 7, 8, 9, 10, 11, 12, 13, 14, 15, 16, 17, 18, 19, 20, 21, 22, 23, 2;
C;254;2683095;2;20171002 01:09;4, 25, 26, 27, 28, 29, 30, 31, 32, 33, 34, 35, 36, 37, 38, 39, 40, 41,;
C;254;2683095;2;20171002 01:09; 42, 43, 44, 45, 46, 47, 48, 49, 50, 51, 52, 53, 54, 55, 56, 57, 58, 5;
C;254;2683095;2;20171002 01:09;9, 60, 61, 62, 63, 64, 68, 71, 72/753421 2, 3, 4, 5, 6, 7, 8, 9, 10, 1;
C;254;2683095;2;20171002 01:09;1, 12, 13, 14, 15, 16, 17, 18, 19, 20, 21, 30, 31, 32, 33, 34, 35, 36,;
C;254;2683095;2;20171002 01:09; 37, 38, 39, 40, 41, 42, 43, 44, 45, 46, 47, 48, 49, 50, 51, 52, 53, 5;
C;254;2683095;2;20171002 01:09;4, 59, 60, 61, 64, 67, 68, 69, 70, 79, 80, 83, 84, 85, 86, 87, 88, 90,;
C;254;2683095;2;20171002 01:09; 91, 92/753431 17, 25, 40, 41, 42, 43, 44, 45, 46, 47, 48, 49, 50, 54,;
C;254;2683095;2;20171002 01:09; 55, 56/753449 79/753459 4, 5, 6, 7, 13, 14, 15, 16, 17, 18, 19, 20, 2;
C;254;2683095;2;20171002 01:09;1, 22, 23, 24, 25, 26, 27, 28, 29, 30, 31, 32, 33, 34, 38, 39, 40, 41,;
C;254;2683095;2;20171002 01:09; 42, 43, 44, 45, 46, 47, 48, 49, 50, 51, 52, 53, 58, 61, 62, 63, 64, 6;
C;254;2683095;2;20171002 01:09;5, 66, 67/753504 2/907818 1/1039723 1/1098224 1, 2/1098882 69/1110253 ;
C;254;2683095;2;20171002 01:09;7300/1155729 Enclosure Permit 59347 Licence 484239;
D;254;2683095;2;20171002 01:09;P;;;;;;
D;254;2683095;2;20171002 01:09;V;;;;;;
B;254;2683168;3;20171002 01:09;BUTTABONE STATION;;4604;CARINDA RD;MOUNT HARRIS;2824;8907;H;20161212;20170123;388611259;RU1;3;FARM;;RRW;;0;AM433316;
C;254;2683168;3;20171002 01:09;1, 2, 3, 4, 5/132822 2, 6, 7, 8, 9, 10, 11, 12, 13, 14, 15, 16, 17, 18;
C;254;2683168;3;20171002 01:09;, 19, 20, 21, 22, 23, 24, 25, 26, 27, 28, 29, 30, 31, 32, 33, 34, 35, ;
C;254;2683168;3;20171002 01:09;36, 37, 38, 39, 40, 41, 42, 46, 47, 48, 49, 50, 51, 52, 53, 54, 55, 56;
C;254;2683168;3;20171002 01:09;, 57, 58, 59, 60, 61, 62, 63, 64, 65, 66, 67, 68, 69, 80, 81, 82, 84, ;
C;254;2683168;3;20171002 01:09;85, 86, 87, 88, 89, 90, 91, 92, 93, 94, 96, 97, 98, 100, 101, 102, 103;
C;254;2683168;3;20171002 01:09;, 111, 112, 113, 114, 115/753432 1, 3, 4, 36, 37, 38, 39, 42, 43, 44, ;
C;254;2683168;3;20171002 01:09;45, 46, 47, 48, 49, 50, 51, 54, 55, 56, 57/753476 4, 5/1119438 Enclosu;
C;254;2683168;3;20171002 01:09;re Permit 59154;
D;254;2683168;3;20171002 01:09;P;;;;;;
D;254;2683168;3;20171002 01:09;V;;;;;;
B;254;2683169;4;20171002 01:09;PARK;;4712;CANONBA RD;CANONBA;2825;19774;H;20161212;20170123;388611259;RU1;3;FARM;;RGE;;0;AM433316;
C;254;2683169;4;20171002 01:09;1, 2/177775 2, 4, 7, 8, 9/178720 1/651065 3, 70, 71, 72, 73, 74, 75, 7;
C;254;2683169;4;20171002 01:09;6, 77, 78, 79, 83/753432 2, 3, 4, 5, 6, 7, 8, 9, 10, 23, 24, 25, 30/75;
C;254;2683169;4;20171002 01:09;3438 1, 3, 11, 12, 13, 14, 15, 16, 28, 29, 32, 33, 34, 37, 39, 40, 41,;
C;254;2683169;4;20171002 01:09; 45, 46, 48, 60, 61, 62, 63, 64, 65, 66, 67, 110/753475 5, 6, 7, 8, 9,;
C;254;2683169;4;20171002 01:09; 10, 11, 12, 13, 14, 15, 16, 17, 18, 50, 53, 54, 55, 56, 57, 62/753482;
C;254;2683169;4;20171002 01:09; 1, 2, 3, 4, 5, 6, 7, 8, 9, 10, 11, 12, 13, 14, 15, 16, 17, 18, 19, 20;
C;254;2683169;4;20171002 01:09;, 21, 22, 23, 26, 28, 29, 34, 38, 40, 43, 44, 45, 46, 47, 48, 49, 50, ;
C;254;2683169;4;20171002 01:09;51, 52, 53, 54, 55, 56, 57, 58, 59, 60, 61, 63, 64, 65, 66, 67, 68, 75;
C;254;2683169;4;20171002 01:09;, 77, 79, 84, 85, 86, 87, 88, 90, 91, 92, 94, 95, 98, 99, 100, 101, 10;
C;254;2683169;4;20171002 01:09;2, 103, 104/753490 7001/1020573 7002/1020580 1/1107214 1, 2/1107226 1,;
C;254;2683169;4;20171002 01:09; 2/1107227 1, 2/1107287 1, 2, 3, 4/1107311 Enclosure Permit 59154 Lice;
C;254;2683169;4;20171002 01:09;nce 476408;
D;254;2683169;4;20171002 01:09;P;;;;;;
D;254;2683169;4;20171002 01:09;V;;;;;;
Z;56;4;42;8;
