A;053;20090413 01:18;VALNET;
B;053;573423;1;20090413 01:18;;;;PH EUROLEY;DENILIQUIN;2710;11840;H;20080423;20080821;3153708;R;3;FARM;;RP;;0;AE228974;
C;053;573423;1;20090413 01:18;1/133866 1, 2/133901 221, 222/133992 151, 152/133993 18, 19, 23, 27, 2;
C;053;573423;1;20090413 01:18;8, 29, 30, 31, 39, 40, 41, 42, 43, 53/756282 1, 2, 3, 12, 17, 18, 19, ;
C;053;573423;1;20090413 01:18;21, 34, 35, 36, 42, 45, 48, 51, 52/756338 1, 2, 3, 4, 5, 6, 7, 8, 9, 1;
C;053;573423;1;20090413 01:18;0, 11, 12, 13, 14, 15, 16, 17, 18, 19, 20, 21, 22, 23, 24, 25, 26, 27,;
C;053;573423;1;20090413 01:18; 28, 29, 30, 31, 32, 33, 34, 35, 36, 37, 38, 39, 40, 41, 42, 43, 44, 4;
C;053;573423;1;20090413 01:18;5, 46, 47, 48, 49, 50, 51, 52, 53, 54, 55/756343 Enclosure Permit 3728;
C;053;573423;1;20090413 01:18;1 Road Permit 1929/79;
D;053;573423;1;20090413 01:18;P;;;;;;
D;053;573423;1;20090413 01:18;P;;;;;;
D;053;573423;1;20090413 01:18;P;;;;;;
D;053;573423;1;20090413 01:18;V;;;;;;
Z;14;1;7;4;
