A;RTSALEDATA;052;20140818 01:12;VALNET;
B;052;508899;1;20140818 01:12;;;;LACHLAN VALLEY WAY;HILLSTON;2675;10677.6;H;20131129;20140129;13382285;RU1;3;COMMERCIAL;;LRR;;0;AI359288;
C;052;508899;1;20140818 01:12;1, 2, 3, 4, 5, 6, 7, 8, 9, 10, 11, 12/41006 1, 2, 2/193833 1, 1, 1, 2,;
C;052;508899;1;20140818 01:12; 2, 2, 3, 3, 3/193835 1, 1, 1, 2, 2, 2, 3, 3, 3/193836 1, 1, 1/753003 ;
C;052;508899;1;20140818 01:12;3, 3, 3, 3, 4, 4, 4, 4, 5, 5, 5, 5, 6, 6, 6, 6, 12, 12, 12, 12, 13, 13;
C;052;508899;1;20140818 01:12;, 13, 13, 14, 14, 14, 14, 15, 15, 15, 15, 16, 16, 16, 16, 17, 17, 17, ;
C;052;508899;1;20140818 01:12;17, 18, 18, 18, 18, 19, 19, 19, 19, 20, 20, 20, 20, 21, 21, 21, 21, 22;
C;052;508899;1;20140818 01:12;, 22, 22, 22, 23, 23, 23, 23, 24, 24, 24, 24, 25, 25, 25, 25, 26, 26, ;
C;052;508899;1;20140818 01:12;26, 26, 27, 27, 27, 27, 28, 28, 28, 28, 29, 29, 29, 29, 30, 30, 30, 30;
C;052;508899;1;20140818 01:12;, 31, 31, 31, 31, 32, 32, 32, 32, 33, 33, 33, 33, 34, 34, 34, 34, 35, ;
C;052;508899;1;20140818 01:12;35, 35, 35, 36, 36, 36, 36, 37, 37, 37, 37, 38, 38, 38, 38, 39, 39, 39;
C;052;508899;1;20140818 01:12;, 39, 40, 40, 40, 40, 43, 43, 43, 43, 44, 44, 44, 44, 45, 45, 45, 45, ;
C;052;508899;1;20140818 01:12;46, 46, 46, 46, 47, 47, 47, 47, 49, 49, 49, 49, 50, 50, 50, 50, 51, 51;
C;052;508899;1;20140818 01:12;, 51, 51/755153 2, 2, 2, 2, 3, 3, 3, 3, 18, 18, 18, 18, 19, 19, 19, 19;
C;052;508899;1;20140818 01:12;, 20, 20, 20, 20, 21, 21, 21, 21, 22, 22, 22, 22/755185 1, 1, 1, 1, 2,;
C;052;508899;1;20140818 01:12; 2, 2, 2, 3, 3, 3, 3, 4, 4, 4, 4, 5, 5, 5, 5, 6, 6, 6, 6, 7, 7, 7, 7, ;
C;052;508899;1;20140818 01:12;8, 8, 8, 8, 9, 9, 9, 9, 10, 10, 10, 10, 11, 11, 11, 11, 12, 12, 12, 12;
C;052;508899;1;20140818 01:12;, 13, 13, 13, 13, 14, 14, 14, 14, 15, 15, 15, 15, 16, 16, 16, 16, 17, ;
C;052;508899;1;20140818 01:12;17, 17, 17, 18, 18, 18, 18, 19, 19, 19, 19, 20, 20, 20, 20, 23, 23, 23;
C;052;508899;1;20140818 01:12;, 23, 24, 24, 24, 24, 25, 25, 25, 25, 26, 26, 26, 26, 27, 27, 27, 27, ;
C;052;508899;1;20140818 01:12;28, 28, 28, 28, 31, 31, 31, 31/755199 30, 30/1102465 WB 70BL018530 WB ;
C;052;508899;1;20140818 01:12;70BL030978 WB 70BL117551 WB 70BL226126;
D;052;508899;1;20140818 01:12;P;;;;;;
D;052;508899;1;20140818 01:12;V;;;;;;
D;052;508899;1;20140818 01:12;V;;;;;;
D;052;508899;1;20140818 01:12;V;;;;;;
B;052;509162;2;20140818 01:12;GAROLGI;;222;YOUNGS RD;TABBITA;2652;2678;H;20140121;20140131;1050000;RU1;3;FARM;;RCG;;0;AI711480;
C;052;509162;2;20140818 01:12;19/756045 15, 16, 26, 27, 28, 29/756057;
D;052;509162;2;20140818 01:12;P;;;;;;
D;052;509162;2;20140818 01:12;P;;;;;;
D;052;509162;2;20140818 01:12;P;;;;;;
D;052;509162;2;20140818 01:12;V;;;;;;
D;052;509162;2;20140818 01:12;V;;;;;;
D;052;509162;2;20140818 01:12;V;;;;;;
B;052;509467;3;20140818 01:12;;;;MCKINLEY RD;HILLSTON;2675;1081;H;20131129;20140129;13382285;RU1;3;COMMERCIAL;;RCG;;0;AI359288;
C;052;509467;3;20140818 01:12;6, 6, 6, 7, 7, 7/13589 /755178 Enclosure Permit 61609;
D;052;509467;3;20140818 01:12;P;;;;;;
D;052;509467;3;20140818 01:12;V;;;;;;
B;052;509516;4;20140818 01:12;;;;MCKINLEY RD;HILLSTON;2675;1760;H;20131129;20140129;13382285;RU1;3;COMMERCIAL;;LRR;;0;AI359288;
C;052;509516;4;20140818 01:12;1, 1, 1/720234 1, 1, 1, 4, 4, 4, 5, 5, 5, 6, 6, 6, 7, 7, 7, 8, 8, 8, 9;
C;052;509516;4;20140818 01:12;, 9, 9, 10, 10, 10, 11, 11, 11, 12, 12, 12, 13, 13, 13, 14, 14, 14, 15;
C;052;509516;4;20140818 01:12;, 15, 15, 16, 16, 16, 17, 17, 17, 23, 23, 23, 24, 24, 24, 25, 25, 25, ;
C;052;509516;4;20140818 01:12;26, 26, 26, 27, 27, 27/755185 LACHLAN R WB 226741;
D;052;509516;4;20140818 01:12;P;;;;;;
D;052;509516;4;20140818 01:12;V;;;;;;
B;052;509517;5;20140818 01:12;;;;MCKINLEY RD;HILLSTON;2675;1082;H;20131129;20140129;13382285;RU1;3;COMMERCIAL;;LRR;;0;AI359288;
C;052;509517;5;20140818 01:12;4, 4, 4, 4, 5, 5, 5, 5/13589 28, 28, 28, 28, 29, 29, 29, 29/755185 38,;
C;052;509517;5;20140818 01:12; 38, 38, 38, , /755199 JWA JWA;
D;052;509517;5;20140818 01:12;P;;;;;;
D;052;509517;5;20140818 01:12;V;;;;;;
B;052;510177;6;20140818 01:12;;;6;ROSE ST;HILLSTON;2675;1250;M;20140618;20140805;18000;IN1;V;VACANT LAND;;HHI;;0;AI804281;
C;052;510177;6;20140818 01:12;3/775311;
D;052;510177;6;20140818 01:12;P;;;;;;
D;052;510177;6;20140818 01:12;V;;;;;;
D;052;510177;6;20140818 01:12;V;;;;;;
Z;56;6;29;19;
