A;RTSALEDATA;053;20141222 01:13;VALNET;
B;053;573455;1;20141222 01:13;;;700;BOOABULA RD;WANGANELLA;2710;6749.57;H;20140625;20140825;4360000;RU1;3;FARM;;RP1;;0;AJ82786;
C;053;573455;1;20141222 01:13;5/113947 9, 10, 11, 12, 13, 14, 15, 16/756252 24, 25, 26, PT 27, 28, 2;
C;053;573455;1;20141222 01:13;9, PT 30, 31, 32, 61, 71, PT 72/756286 1, 2, 3, 4, 5, 6, 7, 8, 20, 21,;
C;053;573455;1;20141222 01:13; 22, 23, 24, 25, 26, 27, 28, 29, 30, 31, 32, 33, 34, 35, 36, 37, 38, 3;
C;053;573455;1;20141222 01:13;9, 40, 49, 51, 53, 79, 80/756295 1, 17, 18, 70, 71, 72, 73, 74, 75/756;
C;053;573455;1;20141222 01:13;336 Enclosure Permit 28800;
D;053;573455;1;20141222 01:13;P;;;;;;
D;053;573455;1;20141222 01:13;P;;;;;;
D;053;573455;1;20141222 01:13;V;;;;;;
Z;11;1;5;3;
