A;RTSALEDATA;247;20151214 01:20;VALNET;
B;247;3427895;1;20151214 01:20;ROSELEIGH;;5096;PILLIGA RD;PILLIGA;2388;16.18;H;20151027;20151120;20000;RU1;3;FARM;;RRE;;0;AK32055;
C;247;3427895;1;20151214 01:20;55/750305;
D;247;3427895;1;20151214 01:20;P;;;;;;
D;247;3427895;1;20151214 01:20;V;;;;;;
B;247;2656287;2;20151214 01:20;TURRA;;128;TURRAWAN RD;TURRAWAN;2390;65.84;H;20151103;20151120;557000;RU1;R;RESIDENCE;;RRC;;0;AK52074;
C;247;2656287;2;20151214 01:20;3/588763;
D;247;2656287;2;20151214 01:20;P;;;;;;
D;247;2656287;2;20151214 01:20;P;;;;;;
D;247;2656287;2;20151214 01:20;V;;;;;;
B;247;2658934;3;20151214 01:20;;;17;KATE ST;NARRABRI;2390;1012;M;20151020;20151116;435000;R1;R;RESIDENCE;;ANA;;0;AK48304;
C;247;2658934;3;20151214 01:20;1/734193;
D;247;2658934;3;20151214 01:20;P;;;;;;
D;247;2658934;3;20151214 01:20;V;;;;;;
D;247;2658934;3;20151214 01:20;V;;;;;;
B;247;3895480;4;20151214 01:20;;;;HILL ST;BOGGABRI;2382;62.498;H;20151106;20151116;500500;;V;VACANT LAND;;;;0;AK7582;
C;247;3895480;4;20151214 01:20;1, 2, 3, 4, 5, 6, 7, 8, 9, 10, 11, 12, 13, 14, 15, 16, 17, 18, 19, 20,;
C;247;3895480;4;20151214 01:20; 21, 22, 23/A/6432 1, 2, 3, 4, 5, 6, 27, 28, 29, 30, 31, 32, 33/B/6432;
C;247;3895480;4;20151214 01:20; 1, 2, 3, 4, 5, 6, 7, 8, 9, 10, 11, 12, 13, 14, 15, 16, 17, 18, 19, 20;
C;247;3895480;4;20151214 01:20;, 21, 22/C/6432 1, 2, 3, 4, 5, 6, 7, 8, 9, 10, 11, 12, 14, 15, 16, 17,;
C;247;3895480;4;20151214 01:20; 18, 19, 20, 21, 22/D/6432 1, 2, 3, 4, 5, 6, 7, 8, 9, 10, 11, 12, 13, ;
C;247;3895480;4;20151214 01:20;14, 15, 16, 17, 18, 19, 20, 21, 22, 23/E/6432 1, 2, 3, 4, 5, 6, 7, 8, ;
C;247;3895480;4;20151214 01:20;9, 10, 11, 12, 13, 14, 15, 16, 17, 18, 19, 20, 21, 22, 23, 24, 25, 26,;
C;247;3895480;4;20151214 01:20; 27, 28, 29, 30/F/6432 1, 2, 3, 4, 5, 6, 7, 8, 18, 19, 20, 21, 22, 23,;
C;247;3895480;4;20151214 01:20; 24, 25/G/6432;
D;247;3895480;4;20151214 01:20;P;;;;;;
D;247;3895480;4;20151214 01:20;V;;;;;;
D;247;3895480;4;20151214 01:20;V;;;;;;
Z;29;4;12;11;
