A;RTSALEDATA;199;20181029 01:13;VALNET;
B;199;2962197;1;20181029 01:13;;;78;DEVONCOURT RD;URALLA;2358;1.832;H;20180920;20181025;400000;R5;R;RESIDENCE;;URD;;0;AN810914;
C;199;2962197;1;20181029 01:13;1/810327;
D;199;2962197;1;20181029 01:13;P;;;;;;
D;199;2962197;1;20181029 01:13;V;;;;;;
B;199;4151708;2;20181029 01:13;;;599;BOX FOREST RD;KINGSTOWN;2358;12834;H;20180803;20180814;29915321;RU2;3;RURAL FARMLAND;;UCX;;0;AN598708;
C;199;4151708;2;20181029 01:13;1, 2, 3/44704 3, 4/193805 2/507061 2/598483 1/721197 PT 89/752202 2, 3;
C;199;4151708;2;20181029 01:13;, 6, 10, 14, 15, 16, 17, 36, 41, 43, 46, 47, 48, 49, 50, 51, 52, 53, 5;
C;199;4151708;2;20181029 01:13;5, 56, 57, 58, 59, 60, 61, 62, 63, 64, 65, 66, 67, 68, 69, 70, 71, 72,;
C;199;4151708;2;20181029 01:13; 73, 74, 75, 76, 77, 85, 86, 87, 110, 111/753639 36, 37, 38, 39, 47, 4;
C;199;4151708;2;20181029 01:13;8, 55, 58, 69, 91/753641 9, 12, 121/753648 2, 3, 4, 5, 8, 9, 10, 11, 1;
C;199;4151708;2;20181029 01:13;2, 13, 14, 15, 16, 17, 18, 19, 24, 25, 26, 27, 28, 32, 33, 34, 40, 41,;
C;199;4151708;2;20181029 01:13; 42, 43, 44, 45, 49, 63, 64, 65, 66, 68, 69, 77, 78, 79, 83, 84, 85, 8;
C;199;4151708;2;20181029 01:13;6, 87, 93, 94, 95, 96, 97, 98, 99, 100, 105, 106/753677 1, 2/809651 1,;
C;199;4151708;2;20181029 01:13; 2/819325 11/1235530 12, 13, 14/1235532 15, 16/1236859 17/1241497;
D;199;4151708;2;20181029 01:13;P;;;;;;
D;199;4151708;2;20181029 01:13;V;;;;;;
D;199;4151708;2;20181029 01:13;V;;;;;;
D;199;4151708;2;20181029 01:13;V;;;;;;
D;199;4151708;2;20181029 01:13;V;;;;;;
D;199;4151708;2;20181029 01:13;V;;;;;;
D;199;4151708;2;20181029 01:13;V;;;;;;
B;199;4151708;3;20181029 01:13;;;599;BOX FOREST RD;KINGSTOWN;2358;12834;H;20180803;20180814;17616147;RU2;3;RURAL FARMLAND;;UCX;;0;AN598709;
C;199;4151708;3;20181029 01:13;1, 2, 3/44704 3, 4/193805 2/507061 2/598483 1/721197 PT 89/752202 2, 3;
C;199;4151708;3;20181029 01:13;, 6, 10, 14, 15, 16, 17, 36, 41, 43, 46, 47, 48, 49, 50, 51, 52, 53, 5;
C;199;4151708;3;20181029 01:13;5, 56, 57, 58, 59, 60, 61, 62, 63, 64, 65, 66, 67, 68, 69, 70, 71, 72,;
C;199;4151708;3;20181029 01:13; 73, 74, 75, 76, 77, 85, 86, 87, 110, 111/753639 36, 37, 38, 39, 47, 4;
C;199;4151708;3;20181029 01:13;8, 55, 58, 69, 91/753641 9, 12, 121/753648 2, 3, 4, 5, 8, 9, 10, 11, 1;
C;199;4151708;3;20181029 01:13;2, 13, 14, 15, 16, 17, 18, 19, 24, 25, 26, 27, 28, 32, 33, 34, 40, 41,;
C;199;4151708;3;20181029 01:13; 42, 43, 44, 45, 49, 63, 64, 65, 66, 68, 69, 77, 78, 79, 83, 84, 85, 8;
C;199;4151708;3;20181029 01:13;6, 87, 93, 94, 95, 96, 97, 98, 99, 100, 105, 106/753677 1, 2/809651 1,;
C;199;4151708;3;20181029 01:13; 2/819325 11/1235530 12, 13, 14/1235532 15, 16/1236859 17/1241497;
D;199;4151708;3;20181029 01:13;P;;;;;;
D;199;4151708;3;20181029 01:13;V;;;;;;
D;199;4151708;3;20181029 01:13;V;;;;;;
D;199;4151708;3;20181029 01:13;V;;;;;;
D;199;4151708;3;20181029 01:13;V;;;;;;
D;199;4151708;3;20181029 01:13;V;;;;;;
D;199;4151708;3;20181029 01:13;V;;;;;;
B;199;4151708;4;20181029 01:13;;;599;BOX FOREST RD;KINGSTOWN;2358;12834;H;20180803;20180814;13218322;RU2;3;RURAL FARMLAND;;UCX;;0;AN598710;
C;199;4151708;4;20181029 01:13;1, 2, 3/44704 3, 4/193805 2/507061 2/598483 1/721197 PT 89/752202 2, 3;
C;199;4151708;4;20181029 01:13;, 6, 10, 14, 15, 16, 17, 36, 41, 43, 46, 47, 48, 49, 50, 51, 52, 53, 5;
C;199;4151708;4;20181029 01:13;5, 56, 57, 58, 59, 60, 61, 62, 63, 64, 65, 66, 67, 68, 69, 70, 71, 72,;
C;199;4151708;4;20181029 01:13; 73, 74, 75, 76, 77, 85, 86, 87, 110, 111/753639 36, 37, 38, 39, 47, 4;
C;199;4151708;4;20181029 01:13;8, 55, 58, 69, 91/753641 9, 12, 121/753648 2, 3, 4, 5, 8, 9, 10, 11, 1;
C;199;4151708;4;20181029 01:13;2, 13, 14, 15, 16, 17, 18, 19, 24, 25, 26, 27, 28, 32, 33, 34, 40, 41,;
C;199;4151708;4;20181029 01:13; 42, 43, 44, 45, 49, 63, 64, 65, 66, 68, 69, 77, 78, 79, 83, 84, 85, 8;
C;199;4151708;4;20181029 01:13;6, 87, 93, 94, 95, 96, 97, 98, 99, 100, 105, 106/753677 1, 2/809651 1,;
C;199;4151708;4;20181029 01:13; 2/819325 11/1235530 12, 13, 14/1235532 15, 16/1236859 17/1241497;
D;199;4151708;4;20181029 01:13;P;;;;;;
D;199;4151708;4;20181029 01:13;V;;;;;;
D;199;4151708;4;20181029 01:13;V;;;;;;
D;199;4151708;4;20181029 01:13;V;;;;;;
D;199;4151708;4;20181029 01:13;V;;;;;;
D;199;4151708;4;20181029 01:13;V;;;;;;
D;199;4151708;4;20181029 01:13;V;;;;;;
B;199;4151708;5;20181029 01:13;;;599;BOX FOREST RD;KINGSTOWN;2358;12834;H;20180803;20180814;9653899;RU2;3;RURAL FARMLAND;;UCX;;0;AN598711;
C;199;4151708;5;20181029 01:13;1, 2, 3/44704 3, 4/193805 2/507061 2/598483 1/721197 PT 89/752202 2, 3;
C;199;4151708;5;20181029 01:13;, 6, 10, 14, 15, 16, 17, 36, 41, 43, 46, 47, 48, 49, 50, 51, 52, 53, 5;
C;199;4151708;5;20181029 01:13;5, 56, 57, 58, 59, 60, 61, 62, 63, 64, 65, 66, 67, 68, 69, 70, 71, 72,;
C;199;4151708;5;20181029 01:13; 73, 74, 75, 76, 77, 85, 86, 87, 110, 111/753639 36, 37, 38, 39, 47, 4;
C;199;4151708;5;20181029 01:13;8, 55, 58, 69, 91/753641 9, 12, 121/753648 2, 3, 4, 5, 8, 9, 10, 11, 1;
C;199;4151708;5;20181029 01:13;2, 13, 14, 15, 16, 17, 18, 19, 24, 25, 26, 27, 28, 32, 33, 34, 40, 41,;
C;199;4151708;5;20181029 01:13; 42, 43, 44, 45, 49, 63, 64, 65, 66, 68, 69, 77, 78, 79, 83, 84, 85, 8;
C;199;4151708;5;20181029 01:13;6, 87, 93, 94, 95, 96, 97, 98, 99, 100, 105, 106/753677 1, 2/809651 1,;
C;199;4151708;5;20181029 01:13; 2/819325 11/1235530 12, 13, 14/1235532 15, 16/1236859 17/1241497;
D;199;4151708;5;20181029 01:13;P;;;;;;
D;199;4151708;5;20181029 01:13;V;;;;;;
D;199;4151708;5;20181029 01:13;V;;;;;;
D;199;4151708;5;20181029 01:13;V;;;;;;
D;199;4151708;5;20181029 01:13;V;;;;;;
D;199;4151708;5;20181029 01:13;V;;;;;;
D;199;4151708;5;20181029 01:13;V;;;;;;
B;199;4151708;6;20181029 01:13;;;599;BOX FOREST RD;KINGSTOWN;2358;12834;H;20180803;20180814;11981418;RU2;3;RURAL FARMLAND;;UCX;;0;AN598712;
C;199;4151708;6;20181029 01:13;1, 2, 3/44704 3, 4/193805 2/507061 2/598483 1/721197 PT 89/752202 2, 3;
C;199;4151708;6;20181029 01:13;, 6, 10, 14, 15, 16, 17, 36, 41, 43, 46, 47, 48, 49, 50, 51, 52, 53, 5;
C;199;4151708;6;20181029 01:13;5, 56, 57, 58, 59, 60, 61, 62, 63, 64, 65, 66, 67, 68, 69, 70, 71, 72,;
C;199;4151708;6;20181029 01:13; 73, 74, 75, 76, 77, 85, 86, 87, 110, 111/753639 36, 37, 38, 39, 47, 4;
C;199;4151708;6;20181029 01:13;8, 55, 58, 69, 91/753641 9, 12, 121/753648 2, 3, 4, 5, 8, 9, 10, 11, 1;
C;199;4151708;6;20181029 01:13;2, 13, 14, 15, 16, 17, 18, 19, 24, 25, 26, 27, 28, 32, 33, 34, 40, 41,;
C;199;4151708;6;20181029 01:13; 42, 43, 44, 45, 49, 63, 64, 65, 66, 68, 69, 77, 78, 79, 83, 84, 85, 8;
C;199;4151708;6;20181029 01:13;6, 87, 93, 94, 95, 96, 97, 98, 99, 100, 105, 106/753677 1, 2/809651 1,;
C;199;4151708;6;20181029 01:13; 2/819325 11/1235530 12, 13, 14/1235532 15, 16/1236859 17/1241497;
D;199;4151708;6;20181029 01:13;P;;;;;;
D;199;4151708;6;20181029 01:13;V;;;;;;
D;199;4151708;6;20181029 01:13;V;;;;;;
D;199;4151708;6;20181029 01:13;V;;;;;;
D;199;4151708;6;20181029 01:13;V;;;;;;
D;199;4151708;6;20181029 01:13;V;;;;;;
D;199;4151708;6;20181029 01:13;V;;;;;;
B;199;4151708;7;20181029 01:13;;;599;BOX FOREST RD;KINGSTOWN;2358;12834;H;20180803;20180814;15603640;RU2;3;RURAL FARMLAND;;UCX;;0;AN598713;
C;199;4151708;7;20181029 01:13;1, 2, 3/44704 3, 4/193805 2/507061 2/598483 1/721197 PT 89/752202 2, 3;
C;199;4151708;7;20181029 01:13;, 6, 10, 14, 15, 16, 17, 36, 41, 43, 46, 47, 48, 49, 50, 51, 52, 53, 5;
C;199;4151708;7;20181029 01:13;5, 56, 57, 58, 59, 60, 61, 62, 63, 64, 65, 66, 67, 68, 69, 70, 71, 72,;
C;199;4151708;7;20181029 01:13; 73, 74, 75, 76, 77, 85, 86, 87, 110, 111/753639 36, 37, 38, 39, 47, 4;
C;199;4151708;7;20181029 01:13;8, 55, 58, 69, 91/753641 9, 12, 121/753648 2, 3, 4, 5, 8, 9, 10, 11, 1;
C;199;4151708;7;20181029 01:13;2, 13, 14, 15, 16, 17, 18, 19, 24, 25, 26, 27, 28, 32, 33, 34, 40, 41,;
C;199;4151708;7;20181029 01:13; 42, 43, 44, 45, 49, 63, 64, 65, 66, 68, 69, 77, 78, 79, 83, 84, 85, 8;
C;199;4151708;7;20181029 01:13;6, 87, 93, 94, 95, 96, 97, 98, 99, 100, 105, 106/753677 1, 2/809651 1,;
C;199;4151708;7;20181029 01:13; 2/819325 11/1235530 12, 13, 14/1235532 15, 16/1236859 17/1241497;
D;199;4151708;7;20181029 01:13;P;;;;;;
D;199;4151708;7;20181029 01:13;V;;;;;;
D;199;4151708;7;20181029 01:13;V;;;;;;
D;199;4151708;7;20181029 01:13;V;;;;;;
D;199;4151708;7;20181029 01:13;V;;;;;;
D;199;4151708;7;20181029 01:13;V;;;;;;
D;199;4151708;7;20181029 01:13;V;;;;;;
B;199;4151708;8;20181029 01:13;;;599;BOX FOREST RD;KINGSTOWN;2358;12834;H;20180803;20180814;45666;RU2;3;RURAL FARMLAND;;UCX;;0;AN785222;
C;199;4151708;8;20181029 01:13;1, 2, 3/44704 3, 4/193805 2/507061 2/598483 1/721197 PT 89/752202 2, 3;
C;199;4151708;8;20181029 01:13;, 6, 10, 14, 15, 16, 17, 36, 41, 43, 46, 47, 48, 49, 50, 51, 52, 53, 5;
C;199;4151708;8;20181029 01:13;5, 56, 57, 58, 59, 60, 61, 62, 63, 64, 65, 66, 67, 68, 69, 70, 71, 72,;
C;199;4151708;8;20181029 01:13; 73, 74, 75, 76, 77, 85, 86, 87, 110, 111/753639 36, 37, 38, 39, 47, 4;
C;199;4151708;8;20181029 01:13;8, 55, 58, 69, 91/753641 9, 12, 121/753648 2, 3, 4, 5, 8, 9, 10, 11, 1;
C;199;4151708;8;20181029 01:13;2, 13, 14, 15, 16, 17, 18, 19, 24, 25, 26, 27, 28, 32, 33, 34, 40, 41,;
C;199;4151708;8;20181029 01:13; 42, 43, 44, 45, 49, 63, 64, 65, 66, 68, 69, 77, 78, 79, 83, 84, 85, 8;
C;199;4151708;8;20181029 01:13;6, 87, 93, 94, 95, 96, 97, 98, 99, 100, 105, 106/753677 1, 2/809651 1,;
C;199;4151708;8;20181029 01:13; 2/819325 11/1235530 12, 13, 14/1235532 15, 16/1236859 17/1241497;
D;199;4151708;8;20181029 01:13;P;;;;;;
D;199;4151708;8;20181029 01:13;V;;;;;;
B;199;4101256;9;20181029 01:13;;;7058;NEW ENGLAND HWY;KENTUCKY;2354;48.8;H;20180919;20181024;290000;RU1;V;VACANT LAND;;UPH;;0;AN806016;
C;199;4101256;9;20181029 01:13;3/1087354;
D;199;4101256;9;20181029 01:13;P;;;;;;
D;199;4101256;9;20181029 01:13;V;;;;;;
B;199;1880873;10;20181029 01:13;;;19;LENTARA RD;INVERGOWRIE;2350;2.07;H;20180919;20181024;692500;R5;R;RESIDENCE;;URC;;0;AN807901;
C;199;1880873;10;20181029 01:13;20/249071;
D;199;1880873;10;20181029 01:13;P;;;;;;
D;199;1880873;10;20181029 01:13;P;;;;;;
D;199;1880873;10;20181029 01:13;V;;;;;;
D;199;1880873;10;20181029 01:13;V;;;;;;
B;199;3358587;11;20181029 01:13;;;79;BARLEYFIELDS RD;URALLA;2358;1154;M;20181003;20181019;270000;R1;R;RESIDENCE;;ULA;;0;AN797019;
C;199;3358587;11;20181029 01:13;10/1114396;
D;199;3358587;11;20181029 01:13;P;;;;;;
D;199;3358587;11;20181029 01:13;P;;;;;;
D;199;3358587;11;20181029 01:13;V;;;;;;
Z;135;11;67;55;
